0.933,30,28,41
B0,mixamorig_Hips,-1,0.9835900068283081,-0.05591399967670441,-0.17153699696063995,0,0.0542679987847805,0.9984239935874939,-0.014274000190198421,0,0.17206400632858276,0.004730999935418367,0.985073983669281,0,0.008961999788880348,0.6009979844093323,-0.011859999969601631,1
B1,mixamorig_Spine,0,0.9993559718132019,0.03349199891090393,0.012853999622166157,0,-0.03295399993658066,0.9986559748649597,-0.03999499976634979,0,-0.014175999909639359,0.03954600170254707,0.9991170167922974,0,0,0.09879299998283386,-0.00839299988001585,1
B2,mixamorig_Spine1,1,0.9991000294685364,0.010160000063478947,0.041172999888658524,0,-0.011334000155329704,0.9995329976081848,0.028372999280691147,0,-0.04086599871516228,-0.028813999146223068,0.9987490177154541,0,0,0.11567399650812149,0,1
B3,mixamorig_Spine2,2,0.9991949796676636,0.0030499999411404133,0.03999599814414978,0,-0.0010019999463111162,0.998691976070404,-0.051114000380039215,0,-0.04010000079870224,0.05103199928998947,0.9978920221328735,0,0,0.1321990042924881,0,1
B4,mixamorig_Neck,3,0.9996510148048401,-0.017688000574707985,0.0196359995752573,0,0.017169000580906868,0.9995059967041016,0.02631000056862831,0,-0.02009199932217598,-0.025963999330997467,0.9994609951972961,0,0,0.1487240046262741,0,1
B5,mixamorig_Head,4,0.9977390170097351,0.006990999914705753,0.06684999912977219,0,-0.005402000155299902,0.9996989965438843,-0.023910999298095703,0,-0.0669969990849495,0.023496000096201897,0.9974759817123413,0,0,0.12716899812221527,0.02979700081050396,1
B6,mixamorig_HeadTop_End,5,1,0,0,0,0,1,0,0,0,0,1,0,0,0.5525019764900208,0.12945599853992462,1
B7,mixamorig_LeftShoulder,3,0.3449450135231018,0.1288129985332489,-0.9297419786453247,0,0.9205549955368042,-0.23984700441360474,0.3083060085773468,0,-0.1832820028066635,-0.9622269868850708,-0.20131400227546692,0,0.09741900116205215,0.12446700036525726,-0.0018090000376105309,1
B8,mixamorig_LeftArm,7,0.9846060276031494,-0.16511699557304382,-0.05733000114560127,0,0.1242619976401329,0.4305970072746277,0.8939489722251892,0,-0.12291999906301498,-0.8873119950294495,0.4444870054721832,0,0,0.20018400251865387,0,1
B9,mixamorig_LeftForeArm,8,0.8074290156364441,0.5897049903869629,0.01750200055539608,0,-0.5897169709205627,0.8058760166168213,0.05289600044488907,0,0.01708799973130226,-0.05303100124001503,0.9984470009803772,0,0,0.24700400233268738,0,1
B10,mixamorig_LeftHand,9,0.7656270265579224,0.3192700147628784,-0.558463990688324,0,-0.3539150059223175,0.9340059757232666,0.048764001578092575,0,0.5371770262718201,0.16031299531459808,0.8280940055847168,0,0,0.21496699750423431,0,1
B11,mixamorig_LeftHandThumb1,10,0.729095995426178,0.2591930031776428,-0.6334329843521118,0,-0.18058599531650543,0.9655719995498657,0.18724200129508972,0,0.6601570248603821,-0.022128000855445862,0.7508019804954529,0,-0.054687999188899994,0.06608700007200241,0,1
B12,mixamorig_LeftHandThumb2,11,0.9229810237884521,-0.10864199697971344,0.3691920042037964,0,0.04569400101900101,0.983476996421814,0.17517100274562836,0,-0.3821229934692383,-0.1448100060224533,0.9126949906349182,0,-0.0061090001836419106,0.06835199892520905,0,1
B13,mixamorig_LeftHandThumb3,12,0.9115359783172607,0.3807789981365204,-0.15527400374412537,0,-0.3721249997615814,0.9244999885559082,0.08259599655866623,0,0.17500099539756775,-0.017508000135421753,0.9844130277633667,0,-0.003335000015795231,0.06596799939870834,0,1
B14,mixamorig_LeftHandThumb4,13,1,0,0,0,0,1,0,0,0,0,1,0,0.009445000439882278,0.04421199858188629,0,1
B15,mixamorig_LeftHandIndex1,10,0.9956880211830139,-0.08958899974822998,-0.02405400015413761,0,0.08839099854230881,0.9949790239334106,-0.0469449982047081,0,0.02813900075852871,0.04461599886417389,0.9986079931259155,0,0,0.14402499794960022,0.0015589999966323376,1
B16,mixamorig_LeftHandIndex2,15,0.9992769956588745,0.03768099844455719,0.005024999845772982,0,-0.03750700131058693,0.9557639956474304,0.2917329967021942,0,0.0061900001019239426,-0.2917099893093109,0.9564869999885559,0,-0.0013299999991431832,0.08039800077676773,0,1
B17,mixamorig_LeftHandIndex3,16,0.9995869994163513,0.02847900055348873,0.0037720000836998224,0,-0.02866699919104576,0.9973859786987305,0.06633000075817108,0,-0.0018729999428614974,-0.06641100347042084,0.9977909922599792,0,0.00028700000257231295,0.05389399826526642,0,1
B18,mixamorig_LeftHandIndex4,17,1,0,0,0,0,1,0,0,0,0,1,0,0.0010430000256747007,0.04220600053668022,0,1
B19,mixamorig_RightShoulder,3,0.061792001128196716,0.013201000168919563,0.9980019927024841,0,-0.9476609826087952,-0.3130379915237427,0.06281600147485733,0,0.31324198842048645,-0.9496489763259888,-0.006833000108599663,0,-0.09741900116205215,0.12450899928808212,-0.0023089998867362738,1
B20,mixamorig_RightArm,19,0.8969590067863464,0.20517399907112122,0.39162299036979675,0,-0.44142401218414307,0.46508899331092834,0.7673569917678833,0,-0.02469800040125847,-0.8611599802970886,0.5077340006828308,0,0,0.20018400251865387,0,1
B21,mixamorig_RightForeArm,20,0.8445450067520142,-0.535286009311676,-0.014576000161468983,0,0.5353010296821594,0.8432340025901794,0.04908299818634987,0,-0.013981999829411507,-0.049254998564720154,0.9986879825592041,0,0,0.24713599681854248,0,1
B22,mixamorig_RightHand,21,0.7742289900779724,-0.15373200178146362,0.6139519810676575,0,0.09031199663877487,0.9869599938392639,0.13324500620365143,0,-0.62642902135849,-0.04771500080823898,0.7780159711837769,0,0,0.21504700183868408,0,1
B23,mixamorig_RightHandThumb1,22,0.8682060241699219,-0.32842400670051575,0.3719620108604431,0,0.26517099142074585,0.9406880140304565,0.2116370052099228,0,-0.4194070100784302,-0.08511000126600266,0.9038000106811523,0,0.05156400054693222,0.06385800242424011,0,1
B24,mixamorig_RightHandThumb2,23,0.970628023147583,0.203698992729187,0.12801800668239594,0,-0.18549500405788422,0.9724810123443604,-0.14097200334072113,0,-0.15321099758148193,0.11308400332927704,0.9817020297050476,0,0.002696000039577484,0.0656059980392456,0,1
B25,mixamorig_RightHandThumb3,24,0.8929929733276367,-0.4151790142059326,-0.17375199496746063,0,0.40939798951148987,0.909695029258728,-0.06962200254201889,0,0.18696700036525726,-0.008961999788880348,0.98232501745224,0,0.003361999988555908,0.06815899908542633,0,1
B26,mixamorig_RightHandThumb4,25,1,0,0,0,0,1,0,0,0,0,1,0,-0.006058000028133392,0.04789600148797035,0,1
B27,mixamorig_RightHandIndex1,22,0.9984549880027771,-0.05269400030374527,-0.01760699972510338,0,0.05504399910569191,0.9812430143356323,0.18474699556827545,0,0.007542000152170658,-0.18543100357055664,0.9826279878616333,0,0,0.13514000177383423,0.0002749999985098839,1
B28,mixamorig_RightHandIndex2,27,0.9990350008010864,0.043083999305963516,0.008562999777495861,0,-0.042284999042749405,0.8904600143432617,0.4530920088291168,0,0.011896000243723392,-0.453016996383667,0.8914229869842529,0,-0.0012130000395700336,0.088127002120018,0,1
B29,mixamorig_RightHandIndex3,28,0.9967470169067383,-0.07989200204610825,-0.010652000084519386,0,0.0794299989938736,0.9512460231781006,0.29802998900413513,0,-0.013677000068128109,-0.2979060113430023,0.9544969797134399,0,0.001765000051818788,0.05280499905347824,0,1
B30,mixamorig_RightHandIndex4,29,1,0,0,0,0,1,0,0,0,0,1,0,-0.0005520000122487545,0.037209998816251755,0,1
B31,mixamorig_LeftUpLeg,0,-0.9994410276412964,-0.02929599955677986,0.016081999987363815,0,0.033309001475572586,-0.9123849868774414,0.4079760015010834,0,0.0027209999971091747,0.4082840085029602,0.9128509759902954,0,0.13442499935626984,-0.05467500165104866,-0.0002739999908953905,1
B32,mixamorig_LeftLeg,31,0.9925060272216797,0.07888100296258926,-0.09332399815320969,0,-0.1100350022315979,0.24481000006198883,-0.9633070230484009,0,-0.05313999950885773,0.9663569927215576,0.2516550123691559,0,0,0.24745400249958038,0,1
B33,mixamorig_LeftFoot,32,0.9989889860153198,0.031113000586628914,-0.03246400132775307,0,0.005357999820262194,0.6344590187072754,0.7729380130767822,0,0.0446459986269474,-0.7723299860954285,0.633650004863739,0,0,0.21504899859428406,0,1
B34,mixamorig_LeftToeBase,33,0.9791479706764221,-0.003965000156313181,0.20310799777507782,0,-0.1510310024023056,0.6544479727745056,0.7408689856529236,0,-0.13586099445819855,-0.7560960054397583,0.6402029991149902,0,0,0.12011799961328506,0,1
B35,mixamorig_LeftToe_End,34,1,0,0,0,0,1,0,0,0,0,1,0,0,0.04896000027656555,0,1
B36,mixamorig_RightUpLeg,0,-0.9667109847068787,-0.16638199985027313,-0.1943880021572113,0,0.1607069969177246,-0.9859880208969116,0.044725000858306885,0,-0.19910599291324615,0.011997000314295292,0.9799039959907532,0,-0.13442499935626984,-0.05467500165104866,0.0038819999899715185,1
B37,mixamorig_RightLeg,36,0.9993209838867188,-0.005789999850094318,0.036382000893354416,0,0.011175000108778477,0.9886800050735474,-0.14962099492549896,0,-0.03510399907827377,0.14992600679397583,0.988074004650116,0,0,0.24747799336910248,0,1
B38,mixamorig_RightFoot,37,0.9914169907569885,-0.11622200161218643,-0.05987299978733063,0,0.12220200151205063,0.6610289812088013,0.7403429746627808,0,-0.046466998755931854,-0.7413049936294556,0.6695579886436462,0,0,0.2150840014219284,0,1
B39,mixamorig_RightToeBase,38,0.9802659749984741,0.0067460001446306705,-0.19756999611854553,0,0.14827099442481995,0.6359220147132874,0.7573760151863098,0,0.13074800372123718,-0.7717239856719971,0.6223719716072083,0,0,0.11973299831151962,0,1
B40,mixamorig_RightToe_End,39,1,0,0,0,0,1,0,0,0,0,1,0,0,0.050732001662254333,0,1
@34,0,1,2,3,4,5,7,8,9,10,11,12,13,15,16,17,19,20,21,22,23,24,25,27,28,29,31,32,33,34,36,37,38,39
K0,0.9835901260375977,-0.05591405928134918,-0.1715366542339325,0,0.054267946630716324,0.9984239935874939,-0.01427409052848816,0,0.17206436395645142,0.004730910528451204,0.9850739240646362,0,0.008961999788880348,0.6009979844093323,-0.011859999969601631,1,0.9993559718132019,0.033491939306259155,0.012853876687586308,0,-0.032954055815935135,0.9986559748649597,-0.039995163679122925,0,-0.014176123775541782,0.03954584151506424,0.9991170167922974,0,0,0.09879299998283386,-0.00839299988001585,1,0.9991000294685364,0.010160169564187527,0.041173242032527924,0,-0.011333830654621124,0.9995329976081848,0.028372932225465775,0,-0.04086575657129288,-0.028814062476158142,0.9987490177154541,0,0,0.11567399650812149,0,1,0.9991949796676636,0.0030497657135128975,0.0399961955845356,0,-0.001002234173938632,0.998691976070404,-0.05111359432339668,0,-0.04009979963302612,0.051032405346632004,0.9978919625282288,0,0,0.1321990042924881,0,1,0.9996509552001953,-0.017688186839222908,0.019636157900094986,0,0.017168814316391945,0.9995059967041016,0.026310155168175697,0,-0.020091839134693146,-0.02596384473145008,0.9994609355926514,0,0,0.1487240046262741,0,1,0.9977390170097351,0.006990673951804638,0.06684999912977219,0,-0.005402326583862305,0.9996989965438843,-0.023911111056804657,0,-0.06699700653553009,0.023495890200138092,0.9974759817123413,0,0,0.12716899812221527,0.02979700081050396,1,0.3449450135231018,0.12881338596343994,-0.9297419190406799,0,0.9205548763275146,-0.23984742164611816,0.3083062171936035,0,-0.18328221142292023,-0.9622269868850708,-0.20131391286849976,0,0.09741900116205215,0.12446700036525726,-0.0018090000376105309,1,0.9846060276031494,-0.16511701047420502,-0.05733007937669754,0,0.12426197528839111,0.4305972754955292,0.8939488530158997,0,-0.12292008846998215,-0.887312114238739,0.4444867968559265,0,0,0.20018400251865387,0,1,0.8074290752410889,0.5897048115730286,0.01750229299068451,0,-0.5897170901298523,0.8058759570121765,0.05289589613676071,0,0.01708829402923584,-0.05303110182285309,0.9984470009803772,0,0,0.24700400233268738,0,1,0.7656270861625671,0.31926995515823364,-0.5584638714790344,0,-0.3539150357246399,0.9340059161186218,0.04876432195305824,0,0.5371770858764648,0.16031332314014435,0.8280938863754272,0,0,0.21496699750423431,0,1,0.7290961146354675,0.2591930627822876,-0.6334328055381775,0,-0.18058592081069946,0.9655721187591553,0.187241792678833,0,0.6601572036743164,-0.022128209471702576,0.7508018016815186,0,-0.054687999188899994,0.06608700007200241,0,1,0.9229809641838074,-0.10864179581403732,0.36919209361076355,0,0.04569419473409653,0.983476996421814,0.17517121136188507,0,-0.3821229040622711,-0.1448097974061966,0.912695050239563,0,-0.0061090001836419106,0.06835199892520905,0,1,0.9115360379219055,0.38077905774116516,-0.15527360141277313,0,-0.37212494015693665,0.9244999885559082,0.08259596675634384,0,0.1750013828277588,-0.01750802807509899,0.9844130277633667,0,-0.003335000015795231,0.06596799939870834,0,1,0.9956880211830139,-0.0895889475941658,-0.024054013192653656,0,0.08839105069637299,0.9949790239334106,-0.04694477841258049,0,0.028138983994722366,0.0446162112057209,0.9986079335212708,0,0,0.14402499794960022,0.0015589999966323376,1,0.9992769956588745,0.037680886685848236,0.005025016609579325,0,-0.03750712051987648,0.95576411485672,0.29173263907432556,0,0.006190016865730286,-0.29171034693717957,0.9564869403839111,0,-0.0013299999991431832,0.08039800077676773,0,1,0.9995869994163513,0.028479203581809998,0.003771943738684058,0,-0.028666794300079346,0.9973859786987305,0.06633011251688004,0,-0.0018730559386312962,-0.06641088426113129,0.9977909326553345,0,0.00028700000257231295,0.05389399826526642,0,1,0.06179191544651985,0.013201207853853703,0.9980019927024841,0,-0.9476610422134399,-0.3130379021167755,0.06281577050685883,0,0.31324172019958496,-0.9496490955352783,-0.006832932587713003,0,-0.09741900116205215,0.12450899928808212,-0.0023089998867362738,1,0.8969589471817017,0.20517411828041077,0.39162322878837585,0,-0.44142386317253113,0.465088814496994,0.7673571705818176,0,-0.02469775266945362,-0.8611597418785095,0.5077343583106995,0,0,0.20018400251865387,0,1,0.844545304775238,-0.5352855920791626,-0.014576169662177563,0,0.5353013873100281,0.8432337045669556,0.04908275604248047,0,-0.013982170261442661,-0.04925524443387985,0.9986879825592041,0,0,0.24713599681854248,0,1,0.774229109287262,-0.15373244881629944,0.6139518618583679,0,0.09031154215335846,0.9869600534439087,0.13324491679668427,0,-0.6264291405677795,-0.04771508648991585,0.7780159115791321,0,0,0.21504700183868408,0,1,0.8682060837745667,-0.3284236490726471,0.37196213006973267,0,0.2651713490486145,0.9406880140304565,0.2116365283727646,0,-0.419406920671463,-0.08511048555374146,0.9038000702857971,0,0.05156400054693222,0.06385800242424011,0,1,0.970628023147583,0.20369908213615417,0.1280180960893631,0,-0.18549491465091705,0.9724810123443604,-0.14097167551517487,0,-0.15321089327335358,0.11308430880308151,0.9817020297050476,0,0.002696000039577484,0.0656059980392456,0,1,0.8929929137229919,-0.4151790738105774,-0.1737520396709442,0,0.4093979299068451,0.909695029258728,-0.06962187588214874,0,0.18696697056293488,-0.008961875922977924,0.98232501745224,0,0.003361999988555908,0.06815899908542633,0,1,0.9984549880027771,-0.05269423499703407,-0.017607180401682854,0,0.055043768137693405,0.9812430143356323,0.1847470998764038,0,0.007541821338236332,-0.18543092906475067,0.9826279878616333,0,0,0.13514000177383423,0.0002749999985098839,1,0.9990350008010864,0.04308389127254486,0.008562978357076645,0,-0.04228510707616806,0.8904600739479065,0.45309194922447205,0,0.011895979754626751,-0.45301705598831177,0.8914229869842529,0,-0.0012130000395700336,0.088127002120018,0,1,0.9967469573020935,-0.07989198714494705,-0.010652259923517704,0,0.07943002134561539,0.9512460827827454,0.2980297803878784,0,-0.013677259907126427,-0.29790621995925903,0.9544969201087952,0,0.001765000051818788,0.05280499905347824,0,1,-0.9994410872459412,-0.029296033084392548,0.016082055866718292,0,0.0333089716732502,-0.9123849868774414,0.4079761505126953,0,0.002720944117754698,0.40828391909599304,0.912851095199585,0,0.13442499935626984,-0.05467500165104866,-0.0002739999908953905,1,0.9925060272216797,0.07888095825910568,-0.09332394599914551,0,-0.11003505438566208,0.24480995535850525,-0.9633069634437561,0,-0.05313995108008385,0.9663569927215576,0.25165504217147827,0,0,0.24745400249958038,0,1,0.9989889860153198,0.031113211065530777,-0.03246423229575157,0,0.0053582098335027695,0.6344588994979858,0.7729381918907166,0,0.0446457639336586,-0.7723299264907837,0.6336501240730286,0,0,0.21504899859428406,0,1,0.9791479706764221,-0.003964858595281839,0.20310792326927185,0,-0.15103086829185486,0.6544480919837952,0.7408689260482788,0,-0.1358610838651657,-0.7560960650444031,0.6402028799057007,0,0,0.12011799961328506,0,1,-0.9667109847068787,-0.166382297873497,-0.19438813626766205,0,0.16070669889450073,-0.9859881401062012,0.044725168496370316,0,-0.19910584390163422,0.011996829882264137,0.9799039959907532,0,-0.13442499935626984,-0.05467500165104866,0.0038819999899715185,1,0.9993209838867188,-0.00578971765935421,0.0363820418715477,0,0.011175282299518585,0.9886800050735474,-0.14962096512317657,0,-0.03510395437479019,0.14992602169513702,0.9880739450454712,0,0,0.24747799336910248,0,1,0.9914169907569885,-0.11622238159179688,-0.05987277626991272,0,0.12220162898302078,0.6610291004180908,0.7403430342674255,0,-0.04646677523851395,-0.7413050532341003,0.6695579290390015,0,0,0.2150840014219284,0,1,0.9802659749984741,0.0067458669655025005,-0.19756987690925598,0,0.1482708603143692,0.6359217762947083,0.7573761940002441,0,0.13074812293052673,-0.7717238068580627,0.6223721504211426,0,0,0.11973299831151962,0,1
K0.033,0.9884070754051208,-0.038997747004032135,-0.14673390984535217,0,0.03989594057202339,0.9991990327835083,0.0031820773147046566,0,0.14649225771427155,-0.008999274112284184,0.9891711473464966,0,0.010309018194675446,0.6020889282226562,0.027882417663931847,1,0.9996299743652344,0.026632020249962807,0.005497693549841642,0,-0.02634885162115097,0.9985759854316711,-0.04638207331299782,0,-0.00672511849552393,0.0462200902402401,0.9989089965820312,0,0,0.09879299998283386,-0.00839299988001585,1,0.999750018119812,0.002589853247627616,0.022220000624656677,0,-0.0031000813469290733,0.9997319579124451,0.022958915680646896,0,-0.022154562175273895,-0.023022036999464035,0.9994890093803406,0,0,0.11567399650812149,0,1,0.999754011631012,-0.00556763494387269,0.021479804068803787,0,0.006763432640582323,0.9984069466590881,-0.05600626766681671,0,-0.02113376185297966,0.05613776668906212,0.9981989860534668,0,0,0.1321990042924881,0,1,0.9996569752693176,-0.013540155254304409,0.02240675315260887,0,0.012773974798619747,0.9993399977684021,0.03399089723825455,0,-0.022852227091789246,-0.033693041652441025,0.9991710782051086,0,0,0.1487240046262741,0,1,0.9971330165863037,0.0152320247143507,0.07411717623472214,0,-0.014698009006679058,0.9998619556427002,-0.007745193317532539,0,-0.07422491163015366,0.006633611395955086,0.9972190260887146,0,0,0.12716899812221527,0.02979700081050396,1,0.34547874331474304,0.12595120072364807,-0.9299359917640686,0,0.918027937412262,-0.25085344910621643,0.307079017162323,0,-0.19460055232048035,-0.9597958326339722,-0.2022911161184311,0,0.09741900116205215,0.12446700036525726,-0.0018090000376105309,1,0.9679656624794006,-0.23425334692001343,-0.09037911146879196,0,0.18006223440170288,0.39677274227142334,0.900083065032959,0,-0.17498737573623657,-0.8875227570533752,0.42624232172966003,0,0,0.20018400251865387,0,1,0.842835009098053,0.537980854511261,0.014326884411275387,0,-0.5379918813705444,0.8415670394897461,0.048256196081638336,0,0.013903884217143059,-0.04837978258728981,0.9987319707870483,0,0,0.24700400233268738,0,1,0.7391111850738525,0.2666085362434387,-0.6185752153396606,0,-0.1990530788898468,0.9637710452079773,0.17754872143268585,0,0.6435005068778992,-0.008098967373371124,0.7654026746749878,0,0,0.21496699750423431,0,1,0.7347520589828491,0.22012875974178314,-0.641624927520752,0,-0.18201878666877747,0.9751731157302856,0.1261250078678131,0,0.6534591317176819,0.024117188528180122,0.7565780282020569,0,-0.054687999188899994,0.06608700007200241,0,1,0.9628743529319763,-0.02207961305975914,0.2690468728542328,0,-0.030813144519925117,0.9811468720436096,0.19079400599002838,0,-0.2681869566440582,-0.19200070202350616,0.9440401196479797,0,-0.0061090001836419106,0.06835199892520905,0,1,0.8394067883491516,0.49957337975502014,-0.2140640914440155,0,-0.49649083614349365,0.865055501461029,0.07194532454013824,0,0.2211192548274994,0.04588945955038071,0.9741669297218323,0,-0.003335000015795231,0.06596799939870834,0,1,0.995169997215271,-0.08701977878808975,-0.04543420672416687,0,0.08762220293283463,0.9960880279541016,0.011436930857598782,0,0.04426123946905136,-0.015362739562988281,0.9989019632339478,0,0,0.14402499794960022,0.0015589999966323376,1,0.9992629885673523,0.03802705556154251,0.005152264144271612,0,-0.03785295784473419,0.9546969532966614,0.29516109824180603,0,0.006305263377726078,-0.29513898491859436,0.9554340243339539,0,-0.0013299999991431832,0.08039800077676773,0,1,0.999576985836029,0.028834080323576927,0.0038949588779360056,0,-0.02903592772781849,0.9971309900283813,0.0699082762002945,0,-0.001868042629212141,-0.06999177485704422,0.9975460767745972,0,0.00028700000257231295,0.05389399826526642,0,1,0.0673472136259079,0.01327379047870636,0.9976410269737244,0,-0.946708083152771,-0.3148128092288971,0.0680975615978241,0,0.3149740397930145,-0.9490609169006348,-0.00863537099212408,0,-0.09741900116205215,0.12450899928808212,-0.0023089998867362738,1,0.9363972544670105,0.17993101477622986,0.30130535364151,0,-0.3509237468242645,0.4888173043727875,0.7986933588981628,0,-0.0035735638812184334,-0.8536290526390076,0.5208689570426941,0,0,0.20018400251865387,0,1,0.8362569808959961,-0.5481241345405579,-0.015335958451032639,0,0.5481400489807129,0.8348749876022339,0.05025973916053772,0,-0.014744956977665424,-0.05043627321720123,0.9986180067062378,0,0,0.24713599681854248,0,1,0.7668519616127014,-0.1196613758802414,0.6305701732635498,0,0.06743420660495758,0.9920499920845032,0.10624989122152328,0,-0.6382716298103333,-0.03895595669746399,0.7688252329826355,0,0,0.21504700183868408,0,1,0.8691110014915466,-0.3298380672931671,0.3685828447341919,0,0.26974013447761536,0.9406919479370117,0.20576611161231995,0,-0.4145922064781189,-0.07941196858882904,0.9065358638763428,0,0.05156400054693222,0.06385800242424011,0,1,0.9710320830345154,0.20681005716323853,0.11969070136547089,0,-0.18982799351215363,0.9718909859657288,-0.13925686478614807,0,-0.145126074552536,0.11250226199626923,0.9829959869384766,0,0.002696000039577484,0.0656059980392456,0,1,0.8916919231414795,-0.41887006163597107,-0.17155934870243073,0,0.4128119945526123,0.9080179929733276,-0.07134819030761719,0,0.18566463887691498,-0.007201159838587046,0.9825870394706726,0,0.003361999988555908,0.06815899908542633,0,1,0.9980729222297668,-0.05905822664499283,-0.019033951684832573,0,0.06158190593123436,0.9803901314735413,0.18719883263111115,0,0.007605068385601044,-0.1880102902650833,0.9821379780769348,0,0,0.13514000177383423,0.0002749999985098839,1,0.9990350008010864,0.04307236522436142,0.00856718048453331,0,-0.042273636907339096,0.8903412222862244,0.45332765579223633,0,0.011898180469870567,-0.4532523453235626,0.8913028240203857,0,-0.0012130000395700336,0.088127002120018,0,1,0.9967460036277771,-0.07989770174026489,-0.010663914494216442,0,0.0794353112578392,0.9511658549308777,0.2982821762561798,0,-0.01368891540914774,-0.29815882444381714,0.9544180631637573,0,0.001765000051818788,0.05280499905347824,0,1,-0.9997870922088623,0.015053074806928635,-0.014146074652671814,0,-0.020145442336797714,-0.8619676232337952,0.5065637230873108,0,-0.004568113479763269,0.5067405104637146,0.8620867133140564,0,0.13442499935626984,-0.05467500165104866,-0.0002739999908953905,1,0.9912070035934448,0.1157512366771698,-0.06410706788301468,0,-0.10311277210712433,0.37209612131118774,-0.9224491715431213,0,-0.0829206332564354,0.9209482669830322,0.38075968623161316,0,0,0.24745400249958038,0,1,0.9995620250701904,-0.0031549653504043818,-0.0294183362275362,0,0.024962015450000763,0.6237093806266785,0.7812576293945312,0,0.015883654356002808,-0.7816499471664429,0.6235150694847107,0,0,0.21504899859428406,0,1,0.9791520833969116,-0.0019957306794822216,0.20312002301216125,0,-0.15048076212406158,0.664554238319397,0.7319307923316956,0,-0.13644497096538544,-0.747236967086792,0.6503990888595581,0,0,0.12011799961328506,0,1,-0.9671329259872437,-0.14808498322963715,-0.20670031011104584,0,0.15369848906993866,-0.9880530834197998,-0.011277424171566963,0,-0.20256084203720093,-0.04267628863453865,0.9783390164375305,0,-0.13442499935626984,-0.05467500165104866,0.0038819999899715185,1,0.9994320273399353,-0.012775861658155918,0.031170129776000977,0,0.017602160573005676,0.9869839549064636,-0.1598515808582306,0,-0.02872219681739807,0.1603095531463623,0.9866489171981812,0,0,0.24747799336910248,0,1,0.9926469922065735,-0.11850894242525101,-0.02465384267270565,0,0.0931377038359642,0.6176820397377014,0.7808927893638611,0,-0.0773145854473114,-0.7774475812911987,0.6241782903671265,0,0,0.2150840014219284,0,1,0.9802660346031189,0.006585684604942799,-0.19757501780986786,0,0.14822566509246826,0.63680100440979,0.7566460371017456,0,0.13079898059368134,-0.7709999084472656,0.623258113861084,0,0,0.11973299831151962,0,1
K0.067,0.9940459728240967,-0.022886356338858604,-0.1065354123711586,0,0.025344928726553917,0.9994410276412964,0.02178112417459488,0,0.10597732663154602,-0.024351559579372406,0.9940699338912964,0,0.012130983173847198,0.5985910892486572,0.06814562529325485,1,0.9997889995574951,0.020257040858268738,-0.00347662135027349,0,-0.020416075363755226,0.9983139634132385,-0.05432916060090065,0,0.0023702115286141634,0.05438867583870888,0.9985169768333435,0,0,0.09879299998283386,-0.00839299988001585,1,0.9999989867210388,-0.0003210419381503016,0.001207991736009717,0,0.0002958998957183212,0.9997850060462952,0.020756211131811142,0,-0.001214395510032773,-0.02075582928955555,0.9997839331626892,0,0,0.11567399650812149,0,1,0.9999549984931946,-0.009449867531657219,0.0008133293013088405,0,0.009481070563197136,0.9982849955558777,-0.05776592344045639,0,-0.0002660541795194149,0.057771049439907074,0.9983299374580383,0,0,0.1321990042924881,0,1,0.9995800256729126,-0.019701708108186722,0.021245261654257774,0,0.01904517598450184,0.999347984790802,0.030674275010824203,0,-0.021835753694176674,-0.030256787315011024,0.9993039965629578,0,0,0.1487240046262741,0,1,0.9967779517173767,0.016539813950657845,0.07848624885082245,0,-0.016717154532670975,0.9998589754104614,0.0016029615653678775,0,-0.07844867557287216,-0.0029098638333380222,0.9969140291213989,0,0,0.12716899812221527,0.02979700081050396,1,0.3235364556312561,0.11882421374320984,-0.9387247562408447,0,0.9179970026016235,-0.27989357709884644,0.2809634506702423,0,-0.22935791313648224,-0.9526489973068237,-0.19963614642620087,0,0.09741900116205215,0.12446700036525726,-0.0018090000376105309,1,0.9401913285255432,-0.31713321805000305,-0.1243697926402092,0,0.2483474165201187,0.3882264196872711,0.8874709606170654,0,-0.23316258192062378,-0.8652782440185547,0.4437657296657562,0,0,0.20018400251865387,0,1,0.8489428758621216,0.5283052325248718,0.013779005035758018,0,-0.5283159613609314,0.8477240800857544,0.047388896346092224,0,0.013355004601180553,-0.047510117292404175,0.9987810254096985,0,0,0.24700400233268738,0,1,0.65041583776474,0.23697607219219208,-0.721666157245636,0,0.004953933414071798,0.9487433433532715,0.31600701808929443,0,0.7595621347427368,-0.2091110795736313,0.6159037947654724,0,0,0.21496699750423431,0,1,0.7398427724838257,0.17739666998386383,-0.6489712595939636,0,-0.18188676238059998,0.9814309477806091,0.06091945618391037,0,0.6477268934249878,0.07296840101480484,0.7583701014518738,0,-0.054687999188899994,0.06608700007200241,0,1,0.984397828578949,-0.08918866515159607,0.15167610347270966,0,0.0439080186188221,0.9592592716217041,0.2790953516960144,0,-0.17038887739181519,-0.2680811285972595,0.9482090473175049,0,-0.0061090001836419106,0.06835199892520905,0,1,0.7973572611808777,0.5573897957801819,-0.23138058185577393,0,-0.5556331872940063,0.8276605606079102,0.07905321568250656,0,0.23556815087795258,0.06552910059690475,0.9696459174156189,0,-0.003335000015795231,0.06596799939870834,0,1,0.9940000176429749,-0.08511802554130554,-0.06869060546159744,0,0.08818299323320389,0.9951810240745544,0.042888689786195755,0,0.06470899283885956,-0.04868870973587036,0.9967160224914551,0,0,0.14402499794960022,0.0015589999966323376,1,0.9992549419403076,0.03823816776275635,0.0052302828989923,0,-0.03806382790207863,0.9540409445762634,0.29724714159965515,0,0.006376283243298531,-0.29722484946250916,0.9547860026359558,0,-0.0013299999991431832,0.08039800077676773,0,1,0.9995700120925903,0.02905014529824257,0.003970039077103138,0,-0.029260851442813873,0.9969690442085266,0.07208387553691864,0,-0.0018639604095369577,-0.07216908782720566,0.9973910450935364,0,0.00028700000257231295,0.05389399826526642,0,1,0.08367887139320374,0.012836896814405918,0.9964100122451782,0,-0.9536178708076477,-0.2891184985637665,0.08380989730358124,0,0.2891562879085541,-0.9572068452835083,-0.01195156667381525,0,-0.09741900116205215,0.12450899928808212,-0.0023089998867362738,1,0.9661058187484741,0.1443392038345337,0.21402044594287872,0,-0.2577459514141083,0.4932989478111267,0.8307966589927673,0,0.014340491965413094,-0.8578009605407715,0.5137821435928345,0,0,0.20018400251865387,0,1,0.8317649364471436,-0.554904043674469,-0.015748050063848495,0,0.5549207925796509,0.8303461074829102,0.05088155344128609,0,-0.015158053487539291,-0.05106043443083763,0.9985809922218323,0,0,0.24713599681854248,0,1,0.7734808325767517,-0.09642612189054489,0.626441240310669,0,0.04982425272464752,0.994551956653595,0.09156913310289383,0,-0.6318578720092773,-0.039614997804164886,0.7740710973739624,0,0,0.21504700183868408,0,1,0.8642398118972778,-0.34228515625,0.36868715286254883,0,0.27992361783981323,0.9361150860786438,0.21290992200374603,0,-0.41800975799560547,-0.08080100268125534,0.9048421382904053,0,0.05156400054693222,0.06385800242424011,0,1,0.9718989133834839,0.20909099280834198,0.10813745111227036,0,-0.19288194179534912,0.9706940650939941,-0.1433510184288025,0,-0.13494174182415009,0.11846490204334259,0.9837460517883301,0,0.002696000039577484,0.0656059980392456,0,1,0.8905140161514282,-0.4221648871898651,-0.1695912629365921,0,0.41586506366729736,0.9065019488334656,-0.07287915050983429,0,0.1845017671585083,-0.005627174861729145,0.9828160405158997,0,0.003361999988555908,0.06815899908542633,0,1,0.9976529479026794,-0.06526315212249756,-0.020724520087242126,0,0.06802873313426971,0.9791560173034668,0.19138017296791077,0,0.00780246127396822,-0.19234073162078857,0.9812970757484436,0,0,0.13514000177383423,0.0002749999985098839,1,0.9990329146385193,0.04313040152192116,0.008546237833797932,0,-0.04233159124851227,0.890937089920044,0.45214980840682983,0,0.01188723836094141,-0.45207417011260986,0.891900897026062,0,-0.0012130000395700336,0.088127002120018,0,1,0.9967489838600159,-0.07986895740032196,-0.010603738017380238,0,0.07940803468227386,0.9515629410743713,0.2970222234725952,0,-0.013632737100124359,-0.296898752450943,0.9548120498657227,0,0.001765000051818788,0.05280499905347824,0,1,-0.9988411068916321,0.03640935197472572,-0.031489983201026917,0,-0.04785219952464104,-0.8221594095230103,0.5672423243522644,0,-0.005236856639385223,0.5680915117263794,0.8229483366012573,0,0.13442499935626984,-0.05467500165104866,-0.0002739999908953905,1,0.9915649890899658,0.1281631737947464,-0.019297471269965172,0,-0.0872608944773674,0.5500583648681641,-0.8305551409721375,0,-0.09583191573619843,0.8252338767051697,0.5566026568412781,0,0,0.24745400249958038,0,1,0.9995920062065125,-0.0028358353301882744,-0.028419913724064827,0,0.023557180538773537,0.6444907784461975,0.7642492651939392,0,0.016149092465639114,-0.7646071910858154,0.644294798374176,0,0,0.21504899859428406,0,1,0.9791560769081116,-0.00033194111892953515,0.2031097263097763,0,-0.1500099152326584,0.6729998588562012,0.7242711782455444,0,-0.13693322241306305,-0.7396429181098938,0.6589220762252808,0,0,0.12011799961328506,0,1,-0.9690387845039368,-0.11915145069360733,-0.21625742316246033,0,0.13236699998378754,-0.9900549054145813,-0.04763899743556976,0,-0.2084304243326187,-0.0747893676161766,0.9751731753349304,0,-0.13442499935626984,-0.05467500165104866,0.0038819999899715185,1,0.9988210201263428,-0.011269703507423401,0.04721026122570038,0,0.02113528363406658,0.9765981435775757,-0.21402963995933533,0,-0.043693460524082184,0.21477539837360382,0.975686252117157,0,0,0.24747799336910248,0,1,0.9924830198287964,-0.12166142463684082,0.013292361982166767,0,0.05476190149784088,0.5385951399803162,0.8407833576202393,0,-0.10945001989603043,-0.8337346911430359,0.5412085652351379,0,0,0.2150840014219284,0,1,0.9802659749984741,0.005866025574505329,-0.1975959986448288,0,0.14802202582359314,0.6407408118247986,0.7533531188964844,0,0.1310269981622696,-0.7677348852157593,0.6272280812263489,0,0,0.11973299831151962,0,1
