3.033,30,91,33
B0,mixamorig_Hips,-1,0.9999510049819946,-0.009460000321269035,0.0030690000858157873,0,0.009359999559819698,0.999472975730896,0.03108000010251999,0,-0.003360999980941415,-0.031050000339746475,0.9995120167732239,0,-0.06864400207996368,0.8351529836654663,0.036348000168800354,1
B1,mixamorig_Spine,0,0.9999740123748779,0.0063749998807907104,-0.003378000110387802,0,-0.006393999792635441,0.9999629855155945,-0.005745999980717897,0,0.003341000061482191,0.0057669999077916145,0.9999780058860779,0,0,0.12578000128269196,-0.0007409999961964786,1
B2,mixamorig_Spine1,1,0.9999380111694336,0.009019999764859676,-0.0065910001285374165,0,-0.009019000455737114,0.9999589920043945,0.00018600000475998968,0,0.006591999903321266,-0.00012599999899975955,0.9999780058860779,0,0,0.14674599468708038,0,1
B3,mixamorig_Spine2,2,0.9999380111694336,0.009019999764859676,-0.0065910001285374165,0,-0.009019000455737114,0.9999589920043945,0.00018600000475998968,0,0.006591999903321266,-0.00012599999899975955,0.9999780058860779,0,0,0.16770899295806885,0,1
B4,mixamorig_Neck,3,0.9976630210876465,-0.0381769984960556,-0.05666400119662285,0,0.05048400163650513,0.9707239866256714,0.23483000695705414,0,0.04603999853134155,-0.23714199662208557,0.9703829884529114,0,0,0.1886730045080185,0,1
B5,mixamorig_Head,4,0.9937469959259033,0.06926000118255615,0.0875760018825531,0,-0.0521400012075901,0.9814419746398926,-0.18453699350357056,0,-0.09873200207948685,0.1788170039653778,0.9789159893989563,0,0,0.03237299993634224,0.00318100000731647,1
B6,mixamorig_HeadTop_End,5,1,0,0,0,0,1,0,0,0,0,1,0,0,0.3411650061607361,0.03352399915456772,1
B7,mixamorig_LeftShoulder,3,0.010293000377714634,0.04177900031208992,-0.9990739822387695,0,0.9923310279846191,-0.12350600212812424,0.005059000104665756,0,-0.12318000197410583,-0.9914640188217163,-0.042729999870061874,0,0.05469699949026108,0.16863399744033813,-0.00011100000119768083,1
B8,mixamorig_LeftArm,7,0.7556459903717041,0.5845590233802795,-0.2954469919204712,0,-0.004476999863982201,0.45567700266838074,0.8901339769363403,0,0.654964029788971,-0.6713039875030518,0.3469479978084564,0,0,0.11607299745082855,0,1
B9,mixamorig_LeftForeArm,8,0.9022030234336853,0.4238170087337494,0.08005200326442719,0,-0.4230700135231018,0.9056969881057739,-0.02691599912941456,0,-0.0839100033044815,-0.009584000334143639,0.9964269995689392,0,0,0.3219729959964752,0,1
B10,mixamorig_LeftHand,9,0.9849900007247925,0.04098299890756607,0.16767799854278564,0,-0.014259000308811665,0.987405002117157,-0.15757200121879578,0,-0.17202399671077728,0.15281599760055542,0.9731680154800415,0,0,0.21225200593471527,0,1
B11,mixamorig_LeftHandIndex1,10,0.9840350151062012,-0.15301699936389923,0.09089399874210358,0,0.11506099998950958,0.9365800023078918,0.33102700114250183,0,-0.13578200340270996,-0.31528401374816895,0.9392330050468445,0,0,0.0745759978890419,0,1
B12,mixamorig_LeftHandIndex2,11,0.9902719855308533,-0.11742299795150757,-0.07465600222349167,0,0.13911999762058258,0.8458920121192932,0.5148910284042358,0,0.0026910000015050173,-0.5202680230140686,0.8539990186691284,0,0,0.026753999292850494,0,1
B13,mixamorig_LeftHandIndex3,12,0.8648790121078491,-0.497967004776001,0.06335499882698059,0,0.5019789934158325,0.8575739860534668,-0.11218400299549103,0,0.0015320000238716602,0.1288280040025711,0.9916660189628601,0,-0.00597199983894825,0.04278400167822838,-0.0012309999438002706,1
B14,mixamorig_LeftHandIndex4,13,1,0,0,0,0,1,0,0,0,0,1,0,-0.015421000309288502,0.019649000838398933,0.0025309999473392963,1
B15,mixamorig_RightShoulder,3,0.08833199739456177,-0.07259900122880936,0.9934419989585876,0,-0.9905760288238525,-0.11120600253343582,0.07995100319385529,0,0.10467299818992615,-0.9911419749259949,-0.08173800259828568,0,-0.05469699949026108,0.16863399744033813,-0.0001250000059371814,1
B16,mixamorig_RightArm,15,0.7735840082168579,-0.5592650175094604,0.29797598719596863,0,0.02563299983739853,0.4974530041217804,0.8671119809150696,0,-0.6331750154495239,-0.66314697265625,0.39915698766708374,0,0,0.11607299745082855,0,1
B17,mixamorig_RightForeArm,16,0.8831340074539185,-0.434596985578537,-0.1766349971294403,0,0.42534199357032776,0.9006170034408569,-0.08929099887609482,0,0.19788600504398346,0.0037249999586492777,0.9802179932594299,0,0,0.32196199893951416,0,1
B18,mixamorig_RightHand,17,0.9956420063972473,0.09236499667167664,0.012853000313043594,0,-0.09169799834489822,0.9947540163993835,-0.04533400014042854,0,-0.016973000019788742,0.04395800083875656,0.9988890290260315,0,0,0.2123900055885315,0,1
B19,mixamorig_RightHandIndex1,18,0.9803079962730408,0.034143999218940735,-0.19449999928474426,0,0.03988200053572655,0.9304100275039673,0.36434298753738403,0,0.19340500235557556,-0.3649260103702545,0.9107270240783691,0,0,0.07238499820232391,0,1
B20,mixamorig_RightHandIndex2,19,0.9996190071105957,-0.027424000203609467,-0.0030759999062865973,0,0.027595000341534615,0.9941989779472351,0.1039540022611618,0,0.00020700000459328294,-0.10399899631738663,0.9945769906044006,0,0,0.0345430001616478,0,1
B21,mixamorig_RightHandIndex3,20,0.8340970277786255,0.49222999811172485,0.24898099899291992,0,-0.5456290245056152,0.6698859930038452,0.5035300254821777,0,0.08106400072574615,-0.5558440089225769,0.8273249864578247,0,-0.0013070000568404794,0.036313001066446304,0.007182000204920769,1
B22,mixamorig_RightHandIndex4,21,1,0,0,0,0,1,0,0,0,0,1,0,0.011776000261306763,0.01823499985039234,-0.009065000340342522,1
B23,mixamorig_LeftUpLeg,0,-0.9907000064849854,-0.07565400004386902,-0.1130950003862381,0,0.06843999773263931,-0.9954450130462646,0.06636500358581543,0,-0.11760099977254868,0.058006998151540756,0.9913650155067444,0,0.0836929976940155,-0.06992299854755402,0.016248000785708427,1
B24,mixamorig_LeftLeg,23,0.9996529817581177,0.02506200037896633,-0.00810999982059002,0,-0.02624399960041046,0.9740880131721497,-0.22464199364185333,0,0.0022700000554323196,0.2247759997844696,0.974407970905304,0,0,0.4125089943408966,0,1
B25,mixamorig_LeftFoot,24,0.9981300234794617,-0.05618700012564659,0.02406799979507923,0,-0.011686000041663647,0.21108600497245789,0.9773979783058167,0,-0.05999699980020523,-0.9758509993553162,0.21003399789333344,0,0,0.2984890043735504,0,1
B26,mixamorig_LeftToeBase,25,0.9748629927635193,0.0023089998867362738,-0.22279299795627594,0,0.09150999784469604,0.9075639843940735,0.4098219871520996,0,0.20314499735832214,-0.41990798711776733,0.884539008140564,0,0,0.13463999330997467,0,1
B27,mixamorig_LeftToe_End,26,1,0,0,0,0,1,0,0,0,0,1,0,0,0.06385400146245956,0,1
B28,mixamorig_RightUpLeg,0,-0.9692980051040649,0.025169000029563904,-0.24459899961948395,0,-0.05795599892735481,-0.990106999874115,0.1277880072593689,0,-0.23896299302577972,0.13804100453853607,0.9611669778823853,0,-0.0836929976940155,-0.06992299854755402,0.02131599932909012,1
B29,mixamorig_RightLeg,28,0.9997289776802063,-0.02242800034582615,0.006182999815791845,0,0.023260999470949173,0.9682580232620239,-0.24887000024318695,0,-0.00040499999886378646,0.24894599616527557,0.968517005443573,0,0,0.41289299726486206,0,1
B30,mixamorig_RightFoot,29,0.9811099767684937,-0.00977800041437149,0.19320300221443176,0,-0.18311800062656403,0.27507901191711426,0.9438220262527466,0,-0.06237500160932541,-0.9613720178604126,0.26809200644493103,0,0,0.297995001077652,0,1
B31,mixamorig_RightToeBase,30,0.9842360019683838,-0.0017689999658614397,0.17684899270534515,0,-0.07485199719667435,0.9018089771270752,0.425601989030838,0,-0.16023699939250946,-0.43213000893592834,0.8874610066413879,0,0,0.12860700488090515,0,1
B32,mixamorig_RightToe_End,31,1,0,0,0,0,1,0,0,0,0,1,0,0,0.06345699727535248,0,1
@28,0,1,2,3,4,5,7,8,9,10,11,12,13,15,16,17,18,19,20,21,23,24,25,26,28,29,30,31
K0,0.9999510049819946,-0.00945995282381773,0.003068801248446107,0,0.009360047057271004,0.999472975730896,0.031080130487680435,0,-0.0033611985854804516,-0.03104986809194088,0.9995120167732239,0,-0.06864400207996368,0.8351529836654663,0.036348000168800354,1,0.9999739527702332,0.006374829914420843,-0.0033778762444853783,0,-0.0063941688276827335,0.9999629855155945,-0.005745774134993553,0,0.0033411236945539713,0.0057672252878546715,0.9999780058860779,0,0,0.12578000128269196,-0.0007409999961964786,1,0.9999379515647888,0.00902001652866602,-0.006590798031538725,0,-0.009018982760608196,0.9999589920043945,0.00018572692351881415,0,0.00659220153465867,-0.0001262730802409351,0.9999780058860779,0,0,0.14674599468708038,0,1,0.9999379515647888,0.00902001652866602,-0.006590798031538725,0,-0.009018982760608196,0.9999589920043945,0.00018572692351881415,0,0.00659220153465867,-0.0001262730802409351,0.9999780058860779,0,0,0.16770899295806885,0,1,0.9976630210876465,-0.038177140057086945,-0.056664012372493744,0,0.050483860075473785,0.9707239866256714,0.23483005166053772,0,0.04603998735547066,-0.2371419221162796,0.9703829884529114,0,0,0.1886730045080185,0,1,0.9937469959259033,0.06926017254590988,0.08757609874010086,0,-0.052139829844236374,0.9814419150352478,-0.18453705310821533,0,-0.09873190522193909,0.17881691455841064,0.9789159893989563,0,0,0.03237299993634224,0.00318100000731647,1,0.010293331928551197,0.04177907481789589,-0.9990739226341248,0,0.9923310279846191,-0.12350582331418991,0.0050590974278748035,0,-0.1231800764799118,-0.9914639592170715,-0.042729929089546204,0,0.05469699949026108,0.16863399744033813,-0.00011100000119768083,1,0.7556461095809937,0.5845590233802795,-0.29544660449028015,0,-0.0044769784435629845,0.45567694306373596,0.8901339769363403,0,0.6549643278121948,-0.6713038086891174,0.34694769978523254,0,0,0.11607299745082855,0,1,0.9022030234336853,0.4238170087337494,0.08005185425281525,0,-0.4230700433254242,0.9056969881057739,-0.02691591903567314,0,-0.08391015231609344,-0.009583920240402222,0.9964269995689392,0,0,0.3219729959964752,0,1,0.9849899411201477,0.040982767939567566,0.167678102850914,0,-0.01425923127681017,0.987405002117157,-0.15757209062576294,0,-0.17202387750148773,0.15281592309474945,0.9731680750846863,0,0,0.21225200593471527,0,1,0.9840350151062012,-0.15301688015460968,0.09089391678571701,0,0.11506111919879913,0.9365798830986023,0.33102720975875854,0,-0.13578207790851593,-0.31528380513191223,0.9392330646514893,0,0,0.0745759978890419,0,1,0.9902719855308533,-0.11742287129163742,-0.07465602457523346,0,0.13912014663219452,0.845892071723938,0.5148909091949463,0,0.0026909764856100082,-0.5202681422233582,0.8539989590644836,0,0,0.026753999292850494,0,1,0.8648789525032043,-0.49796706438064575,0.06335511803627014,0,0.5019789338111877,0.8575740456581116,-0.11218377202749252,0,0.0015321164391934872,0.128828227519989,0.9916659593582153,0,-0.00597199983894825,0.04278400167822838,-0.0012309999438002706,1,0.0883319228887558,-0.07259853929281235,0.9934421181678772,0,-0.9905760884284973,-0.11120612174272537,0.07995042204856873,0,0.10467253625392914,-0.9911420941352844,-0.0817374438047409,0,-0.05469699949026108,0.16863399744033813,-0.0001250000059371814,1,0.7735840082168579,-0.5592650771141052,0.29797595739364624,0,0.0256329458206892,0.49745261669158936,0.8671122193336487,0,-0.6331750154495239,-0.6631467342376709,0.3991573452949524,0,0,0.11607299745082855,0,1,0.8831340074539185,-0.4345971643924713,-0.1766350120306015,0,0.42534178495407104,0.9006170630455017,-0.08929064869880676,0,0.19788599014282227,0.003725348971784115,0.9802179336547852,0,0,0.32196199893951416,0,1,0.9956420063972473,0.09236530214548111,0.012853061780333519,0,-0.09169770032167435,0.9947540760040283,-0.04533407464623451,0,-0.016972936689853668,0.04395793005824089,0.9988890290260315,0,0,0.2123900055885315,0,1,0.9803079962730408,0.034144096076488495,-0.19449998438358307,0,0.03988209739327431,0.9304099082946777,0.36434316635131836,0,0.19340501725673676,-0.3649258017539978,0.9107271432876587,0,0,0.07238499820232391,0,1,0.9996190071105957,-0.027423912659287453,-0.0030758322682231665,0,0.02759508416056633,0.9941989779472351,0.10395386070013046,0,0.0002071674825856462,-0.10399913042783737,0.9945769309997559,0,0,0.0345430001616478,0,1,0.8340969681739807,0.4922301173210144,0.2489808350801468,0,-0.5456288456916809,0.66988605260849,0.503529965877533,0,0.08106383681297302,-0.5558439493179321,0.8273249268531799,0,-0.0013070000568404794,0.036313001066446304,0.007182000204920769,1,-0.9907000660896301,-0.0756538137793541,-0.11309520900249481,0,0.06844017654657364,-0.9954451322555542,0.06636472791433334,0,-0.11760079115629196,0.05800727382302284,0.9913650155067444,0,0.0836929976940155,-0.06992299854755402,0.016248000785708427,1,0.9996529817581177,0.02506222017109394,-0.008110081776976585,0,-0.026243779808282852,0.9740881323814392,-0.2246415615081787,0,0.0022699180990457535,0.22477644681930542,0.9744078516960144,0,0,0.4125089943408966,0,1,0.9981300234794617,-0.05618662014603615,0.024067945778369904,0,-0.011685619130730629,0.21108578145503998,0.9773980379104614,0,-0.05999705195426941,-0.9758508801460266,0.2100343257188797,0,0,0.2984890043735504,0,1,0.9748629927635193,0.002309080446138978,-0.22279290854930878,0,0.09151007980108261,0.9075639843940735,0.4098219573497772,0,0.2031450718641281,-0.41990795731544495,0.884539008140564,0,0,0.13463999330997467,0,1,-0.9692979454994202,0.025168873369693756,-0.2445990890264511,0,-0.05795612558722496,-0.9901068806648254,0.12778820097446442,0,-0.23896287381649017,0.13804079592227936,0.9611669778823853,0,-0.0836929976940155,-0.06992299854755402,0.02131599932909012,1,0.9997289776802063,-0.02242792584002018,0.006182946730405092,0,0.023261072114109993,0.9682580828666687,-0.2488698661327362,0,-0.00040505311335437,0.24894613027572632,0.9685169458389282,0,0,0.41289299726486206,0,1,0.9811099767684937,-0.00977840181440115,0.19320285320281982,0,-0.18311837315559387,0.2750789523124695,0.9438219666481018,0,-0.06237509474158287,-0.9613720178604126,0.2680920660495758,0,0,0.297995001077652,0,1,0.9842360019683838,-0.0017689568921923637,0.17684900760650635,0,-0.07485195249319077,0.9018090963363647,0.4256017506122589,0,-0.16023698449134827,-0.43213024735450745,0.8874609470367432,0,0,0.12860700488090515,0,1
K0.033,0.9999439716339111,-0.01030494924634695,0.0022908393293619156,0,0.010234071873128414,0.9995250105857849,0.02905300259590149,0,-0.002589142182841897,-0.029027944430708885,0.9995750188827515,0,-0.06857699900865555,0.8347399830818176,0.03683600574731827,1,0.9999740123748779,0.006314981263130903,-0.003387810429558158,0,-0.006335020065307617,0.9999619722366333,-0.0059373448602855206,0,0.0033501905854791403,0.005958658643066883,0.9999769926071167,0,0,0.12578000128269196,-0.0007409999961964786,1,0.9999399185180664,0.008776236325502396,-0.006621015723794699,0,-0.008777759037911892,0.9999610185623169,-0.00020195222168695182,0,0.006618985440582037,0.0002600577718112618,0.9999780058860779,0,0,0.14674599468708038,0,1,0.9999399185180664,0.008776236325502396,-0.006621015723794699,0,-0.008777759037911892,0.9999610185623169,-0.00020195222168695182,0,0.006618985440582037,0.0002600577718112618,0.9999780058860779,0,0,0.16770899295806885,0,1,0.9976739883422852,-0.037959665060043335,-0.056620996445417404,0,0.05023634061217308,0.9708680510520935,0.23428875207901,0,0.04607800021767616,-0.2365882694721222,0.9705169200897217,0,0,0.1886730045080185,0,1,0.9937269687652588,0.06959999352693558,0.08754123002290726,0,-0.052428994327783585,0.9813279509544373,-0.18505927920341492,0,-0.09878677874803543,0.1793087124824524,0.9788210988044739,0,0,0.03237299993634224,0.00318100000731647,1,0.010778826661407948,0.04173995554447174,-0.9990700483322144,0,0.9924110770225525,-0.12283901125192642,0.005574940703809261,0,-0.12249202281236649,-0.9915480017662048,-0.042747270315885544,0,0.05469699949026108,0.16863399744033813,-0.00011100000119768083,1,0.7561116814613342,0.5838021636009216,-0.29575425386428833,0,-0.006583863403648138,0.45868030190467834,0.8885768055915833,0,0.6544097065925598,-0.6699160933494568,0.350657194852829,0,0,0.11607299745082855,0,1,0.9001469612121582,0.4281100034713745,0.08036013692617416,0,-0.42735108733177185,0.9036740064620972,-0.027291039004921913,0,-0.0843028798699379,-0.009776038117706776,0.996392011642456,0,0,0.3219729959964752,0,1,0.9852889180183411,0.03915397450327873,0.16634942591190338,0,-0.013068881817162037,0.9878129363059998,-0.15509627759456635,0,-0.17039479315280914,0.15064068138599396,0.973793089389801,0,0,0.21225200593471527,0,1,0.9840349555015564,-0.15296319127082825,0.09098328649997711,0,0.11508581042289734,0.9368318915367126,0.33030617237091064,0,-0.13576070964336395,-0.3145619034767151,0.9394791126251221,0,0,0.0745759978890419,0,1,0.9902719259262085,-0.1174851655960083,-0.0745551586151123,0,0.13911885023117065,0.8462889194488525,0.5142381191253662,0,0.002679849974811077,-0.5196079015731812,0.8544010519981384,0,0,0.026753999292850494,0,1,0.8648789525032043,-0.49796706438064575,0.06335511803627014,0,0.5019789338111877,0.8575740456581116,-0.11218377202749252,0,0.0015321164391934872,0.128828227519989,0.9916659593582153,0,-0.00597199983894825,0.04278400167822838,-0.0012309999438002706,1,0.08871474862098694,-0.07253389805555344,0.9934130311012268,0,-0.9905239939689636,-0.1113998219370842,0.08032290637493134,0,0.10483986884355545,-0.9911249279975891,-0.08172934502363205,0,-0.05469699949026108,0.16863399744033813,-0.0001250000059371814,1,0.7711578607559204,-0.5614480376243591,0.3001522421836853,0,0.02398488111793995,0.4967467188835144,0.8675642609596252,0,-0.6361919045448303,-0.6618298888206482,0.39653638005256653,0,0,0.11607299745082855,0,1,0.8811460137367249,-0.4386099576950073,-0.17664526402950287,0,0.4292510747909546,0.898669958114624,-0.09019617736339569,0,0.19830669462680817,0.0036508275661617517,0.980133056640625,0,0,0.32196199893951416,0,1,0.9953849911689758,0.09513385593891144,0.012565361335873604,0,-0.09453320503234863,0.9946379661560059,-0.04192611202597618,0,-0.01648659259080887,0.040544815361499786,0.9990419149398804,0,0,0.2123900055885315,0,1,0.9803529381752014,0.03262702748179436,-0.19453544914722443,0,0.041028063744306564,0.9309278726577759,0.36289215087890625,0,0.19293853640556335,-0.36374378204345703,0.9112991094589233,0,0,0.07238499820232391,0,1,0.9996200203895569,-0.027408182621002197,-0.0030880349222570658,0,0.02758081629872322,0.9941390752792358,0.10452976822853088,0,0.00020496487559285015,-0.10457519441843033,0.9945169687271118,0,0,0.0345430001616478,0,1,0.8340967893600464,0.49223029613494873,0.2489810436964035,0,-0.5456287264823914,0.6698851585388184,0.5035300254821777,0,0.08106404542922974,-0.5558439493179321,0.8273240327835083,0,-0.0013070000568404794,0.036313001066446304,0.007182000204920769,1,-0.9905778169631958,-0.07638893276453018,-0.1136644035577774,0,0.06894008070230484,-0.9952948093414307,0.06808629631996155,0,-0.11833059787750244,0.05960872396826744,0.9911830425262451,0,0.0836929976940155,-0.06992299854755402,0.016248000785708427,1,0.9996610283851624,0.024719849228858948,-0.008124961517751217,0,-0.025937145575881004,0.9716550707817078,-0.2349780946969986,0,0.002086037304252386,0.23510921001434326,0.9719669818878174,0,0,0.4125089943408966,0,1,0.9981480240821838,-0.056109946221113205,0.023491619154810905,0,-0.011550955474376678,0.20432798564434052,0.9788339734077454,0,-0.059722352772951126,-0.9772930145263672,0.2033015638589859,0,0,0.2984890043735504,0,1,0.975036084651947,0.0018476183759048581,-0.22203882038593292,0,0.09164661914110184,0.9074711799621582,0.40999773144721985,0,0.202251136302948,-0.4201112389564514,0.8846468329429626,0,0,0.13463999330997467,0,1,-0.9685460329055786,0.02515515126287937,-0.2475586235523224,0,-0.05828285217285156,-0.9901360869407654,0.12741467356681824,0,-0.2419114112854004,0.1378353089094162,0.9604578018188477,0,-0.0836929976940155,-0.06992299854755402,0.02131599932909012,1,0.9997360110282898,-0.022097812965512276,0.0062888795509934425,0,0.022971177473664284,0.9665549993515015,-0.25542914867401123,0,-0.0004341219027992338,0.25550606846809387,0.966806948184967,0,0,0.41289299726486206,0,1,0.9806989431381226,-0.010948961600661278,0.19521820545196533,0,-0.1850469559431076,0.27048495411872864,0.9447729587554932,0,-0.06314783543348312,-0.9626619219779968,0.2632381319999695,0,0,0.297995001077652,0,1,0.9842350482940674,-0.001656890381127596,0.1768590807914734,0,-0.07497588545084,0.9017550349235535,0.42569485306739807,0,-0.1601889431476593,-0.43224409222602844,0.8874149322509766,0,0,0.12860700488090515,0,1
K0.067,0.9999340176582336,-0.011410973034799099,0.0013929104898124933,0,0.011370006017386913,0.9995830059051514,0.026533816009759903,0,-0.0016951068537309766,-0.026516234502196312,0.9996470808982849,0,-0.0685570016503334,0.8342440128326416,0.03740199655294418,1,0.9999740123748779,0.006344940979033709,-0.0034286812879145145,0,-0.00636605778709054,0.9999609589576721,-0.006182665470987558,0,0.0033893175423145294,0.006204329431056976,0.9999750256538391,0,0,0.12578000128269196,-0.0007409999961964786,1,0.9999399185180664,0.008690065704286098,-0.006716153118759394,0,-0.008694933727383614,0.9999619722366333,-0.0006963180494494736,0,0.006709843873977661,0.000754672393668443,0.9999769926071167,0,0,0.14674599468708038,0,1,0.9999399185180664,0.008690065704286098,-0.006716153118759394,0,-0.008694933727383614,0.9999619722366333,-0.0006963180494494736,0,0.006709843873977661,0.000754672393668443,0.9999769926071167,0,0,0.16770899295806885,0,1,0.9976789355278015,-0.03785308077931404,-0.05659528449177742,0,0.050106920301914215,0.9709750413894653,0.23387502133846283,0,0.0460997149348259,-0.2361679971218109,0.9706180095672607,0,0,0.1886730045080185,0,1,0.9937330484390259,0.06958716362714767,0.08747860789299011,0,-0.05239483341574669,0.981268048286438,-0.1853845715522766,0,-0.09874039143323898,0.17963941395282745,0.9787648916244507,0,0,0.03237299993634224,0.00318100000731647,1,0.011207951232790947,0.0417046993970871,-0.9990670084953308,0,0.992548942565918,-0.12169678509235382,0.006054746452718973,0,-0.12133077532052994,-0.991690993309021,-0.042757924646139145,0,0.05469699949026108,0.16863399744033813,-0.00011100000119768083,1,0.7551590800285339,0.5844780206680298,-0.29685091972351074,0,-0.008287966251373291,0.46130919456481934,0.8872008919715881,0,0.6554890871047974,-0.6675170660018921,0.35320574045181274,0,0,0.11607299745082855,0,1,0.8975100517272949,0.4335368275642395,0.08074916899204254,0,-0.432763010263443,0.9010799527168274,-0.02776758000254631,0,-0.08479981124401093,-0.010023584589362144,0.9963480830192566,0,0,0.3219729959964752,0,1,0.9837139248847961,0.032664909958839417,0.17675021290779114,0,-0.005379224196076393,0.9882579445838928,-0.15269990265369415,0,-0.17966260015964508,0.14926213026046753,0.972338080406189,0,0,0.21225200593471527,0,1,0.9837250709533691,-0.1553267240524292,0.09032385051250458,0,0.11664024740457535,0.9344159960746765,0.3365427255630493,0,-0.13667415082454681,-0.32053014636039734,0.9373258948326111,0,0,0.0745759978890419,0,1,0.9902719259262085,-0.11748901754617691,-0.07454735785722733,0,0.1391179859638214,0.8463089466094971,0.5142050981521606,0,0.002676641568541527,-0.5195739269256592,0.854421079158783,0,0,0.026753999292850494,0,1,0.8648789525032043,-0.49796706438064575,0.06335511803627014,0,0.5019789338111877,0.8575740456581116,-0.11218377202749252,0,0.0015321164391934872,0.128828227519989,0.9916659593582153,0,-0.00597199983894825,0.04278400167822838,-0.0012309999438002706,1,0.08896805346012115,-0.07252994924783707,0.9933900237083435,0,-0.9905520677566528,-0.1109391525387764,0.08061395585536957,0,0.10435893386602402,-0.9911770820617676,-0.08171479403972626,0,-0.05469699949026108,0.16863399744033813,-0.0001250000059371814,1,0.7686168551445007,-0.5636231899261475,0.30258288979530334,0,0.022655818611383438,0.49668794870376587,0.8676339983940125,0,-0.639307975769043,-0.6600229144096375,0.39453211426734924,0,0,0.11607299745082855,0,1,0.8790309429168701,-0.4428308606147766,-0.17665044963359833,0,0.43336305022239685,0.8965979218482971,-0.09115006029605865,0,0.19874854385852814,0.0035699375439435244,0.9800441265106201,0,0,0.32196199893951416,0,1,0.9951480031013489,0.09784006327390671,0.010383840650320053,0,-0.09738187491893768,0.9945210218429565,-0.03800332173705101,0,-0.014045203104615211,0.03680775314569473,0.9992240071296692,0,0,0.2123900055885315,0,1,0.9803919792175293,0.03069273568689823,-0.19465485215187073,0,0.04298170655965805,0.9307070374488831,0.36323195695877075,0,0.19231513142585754,-0.3644760549068451,0.9111379384994507,0,0,0.07238499820232391,0,1,0.9996190071105957,-0.02744300663471222,-0.003067258046939969,0,0.027612993493676186,0.994284987449646,0.10312231630086899,0,0.00021974205446895212,-0.10316773504018784,0.9946640729904175,0,0,0.0345430001616478,0,1,0.8340967893600464,0.49223029613494873,0.2489810436964035,0,-0.5456287264823914,0.6698851585388184,0.5035300254821777,0,0.08106404542922974,-0.5558439493179321,0.8273240327835083,0,-0.0013070000568404794,0.036313001066446304,0.007182000204920769,1,-0.9904609322547913,-0.07745403051376343,-0.11396782845258713,0,0.06978394091129303,-0.9951159358024597,0.06982207298278809,0,-0.11881913989782333,0.06120287999510765,0.9910279512405396,0,0.0836929976940155,-0.06992299854755402,0.016248000785708427,1,0.9996709227561951,0.024311160668730736,-0.00819949246942997,0,-0.025582851842045784,0.9687419533729553,-0.24674612283706665,0,0.0019445086363703012,0.24687469005584717,0.969045102596283,0,0,0.4125089943408966,0,1,0.9981750845909119,-0.05604587122797966,0.022476201876997948,0,-0.01104087382555008,0.1965472400188446,0.9804319143295288,0,-0.05936680734157562,-0.9788910150527954,0.19556978344917297,0,0,0.2984890043735504,0,1,0.9752209186553955,0.0013881007907912135,-0.221230149269104,0,0.09176808595657349,0.9073570370674133,0.4102228283882141,0,0.2013038843870163,-0.42035916447639465,0.8847449421882629,0,0,0.13463999330997467,0,1,-0.9676408171653748,0.024981196969747543,-0.2510922849178314,0,-0.05845480412244797,-0.9902110695838928,0.1267526000738144,0,-0.2454676777124405,0.1373284012079239,0.9596279859542847,0,-0.0836929976940155,-0.06992299854755402,0.02131599932909012,1,0.9997429847717285,-0.021737413480877876,0.0064047398045659065,0,0.02265659160912037,0.9645600914955139,-0.2628876268863678,0,-0.00046325914445333183,0.26296526193618774,0.9648049473762512,0,0,0.41289299726486206,0,1,0.9801920056343079,-0.01240821834653616,0.19766303896903992,0,-0.18737119436264038,0.26522475481033325,0.9458049535751343,0,-0.06416088342666626,-0.9641068577766418,0.25764623284339905,0,0,0.297995001077652,0,1,0.9842349886894226,-0.0015290522715076804,0.17686118185520172,0,-0.07511705160140991,0.9016830325126648,0.4258229434490204,0,-0.1601238250732422,-0.4323950707912445,0.8873530030250549,0,0,0.12860700488090515,0,1
K0.100,0.9999209642410278,-0.012578422203660011,0.0005645497585646808,0,0.012561577372252941,0.999642014503479,0.02361997775733471,0,-0.0008614496910013258,-0.023611020296812057,0.9997209906578064,0,-0.06859199702739716,0.8336769938468933,0.03805999830365181,1,0.9999729990959167,0.006454972550272942,-0.00344780832529068,0,-0.006477028131484985,0.9999579787254333,-0.006424920167773962,0,0.0034061914775520563,0.006447080057114363,0.9999729990959167,0,0,0.12578000128269196,-0.0007409999961964786,1,0.9999390840530396,0.008746885694563389,-0.0067708250135183334,0,-0.008755113929510117,0.9999609589576721,-0.001186896814033389,0,0.006760174874216318,0.001246103085577488,0.9999759793281555,0,0,0.14674599468708038,0,1,0.9999390840530396,0.008746885694563389,-0.0067708250135183334,0,-0.008755113929510117,0.9999609589576721,-0.001186896814033389,0,0.006760174874216318,0.001246103085577488,0.9999759793281555,0,0,0.16770899295806885,0,1,0.9976810216903687,-0.03779483586549759,-0.05660372972488403,0,0.05002216994762421,0.9711309671401978,0.2332431674003601,0,0.04615427553653717,-0.23553384840488434,0.9707701206207275,0,0,0.1886730045080185,0,1,0.9937580227851868,0.06936001032590866,0.08737295866012573,0,-0.05213199928402901,0.9811739921569824,-0.18595735728740692,0,-0.098626047372818,0.1802416294813156,0.9786650538444519,0,0,0.03237299993634224,0.00318100000731647,1,0.011493144556879997,0.04166978597640991,-0.9990649223327637,0,0.9927229285240173,-0.12024803459644318,0.006404761224985123,0,-0.11986881494522095,-0.9918689131736755,-0.0427485816180706,0,0.05469699949026108,0.16863399744033813,-0.00011100000119768083,1,0.7540110349655151,0.5853381752967834,-0.2980726659297943,0,-0.009148807264864445,0.4630967676639557,0.8862600922584534,0,0.6567981839179993,-0.6655226945877075,0.35453513264656067,0,0,0.11607299745082855,0,1,0.8949531316757202,0.43872183561325073,0.08112575113773346,0,-0.4379332363605499,0.8985639214515686,-0.028226381167769432,0,-0.08528024703264236,-0.010266379453241825,0.996303915977478,0,0,0.3219729959964752,0,1,0.9813510775566101,0.03572222962975502,0.188874751329422,0,-0.0058797928504645824,0.9876989126205444,-0.15625523030757904,0,-0.19213329255580902,0.15223078429698944,0.9694899916648865,0,0,0.21225200593471527,0,1,0.9836819171905518,-0.15614597499370575,0.08937301486730576,0,0.11625200510025024,0.9307659268379211,0.3466411530971527,0,-0.13731199502944946,-0.33059489727020264,0.9337300658226013,0,0,0.0745759978890419,0,1,0.9902719855308533,-0.11746703088283539,-0.07458174973726273,0,0.13911795616149902,0.8461610078811646,0.5144500136375427,0,0.002677250187844038,-0.5198209285736084,0.8542710542678833,0,0,0.026753999292850494,0,1,0.8648791909217834,-0.4979666769504547,0.06335509568452835,0,0.50197833776474,0.8575738072395325,-0.11218376457691193,0,0.001532099675387144,0.1288282573223114,0.9916659593582153,0,-0.00597199983894825,0.04278400167822838,-0.0012309999438002706,1,0.08969112485647202,-0.07251454144716263,0.9933260083198547,0,-0.9906240105628967,-0.10969219356775284,0.08143942803144455,0,0.10305457562208176,-0.9913170337677002,-0.08167307078838348,0,-0.05469699949026108,0.16863399744033813,-0.0001250000059371814,1,0.7668408155441284,-0.5651803612709045,0.3041829466819763,0,0.022731700912117958,0.4975428581237793,0.8671422004699707,0,-0.6414350867271423,-0.6580447554588318,0.3943832814693451,0,0,0.11607299745082855,0,1,0.8775519728660583,-0.4457550346851349,-0.17665088176727295,0,0.4362109303474426,0.8951480388641357,-0.09181373566389084,0,0.19905510544776917,0.0035142656415700912,0.9799820184707642,0,0,0.32196199893951416,0,1,0.9952830672264099,0.0968598872423172,0.005418198648840189,0,-0.09659210592508316,0.994621992111206,-0.03737080842256546,0,-0.009008797816932201,0.03667119890451431,0.9992870092391968,0,0,0.2123900055885315,0,1,0.9804428815841675,0.027710268273949623,-0.19484329223632812,0,0.0461442768573761,0.9300719499588013,0.36446917057037354,0,0.19131769239902496,-0.3663318455219269,0.9106031060218811,0,0,0.07238499820232391,0,1,0.9996160268783569,-0.02753971517086029,-0.003008201951161027,0,0.02770228497684002,0.994687020778656,0.09914486855268478,0,0.0002617980935610831,-0.0991901308298111,0.9950679540634155,0,0,0.0345430001616478,0,1,0.8340968489646912,0.49223026633262634,0.24898096919059753,0,-0.5456287264823914,0.6698853969573975,0.5035297870635986,0,0.08106397092342377,-0.5558441877365112,0.8273248076438904,0,-0.0013070000568404794,0.036313001066446304,0.007182000204920769,1,-0.9903749823570251,-0.07863392680883408,-0.11390183866024017,0,0.07080106437206268,-0.9949421286582947,0.07125962525606155,0,-0.11892914026975632,0.06250936537981033,0.9909329414367676,0,0.0836929976940155,-0.06992299854755402,0.016248000785708427,1,0.9996809959411621,0.02387516386806965,-0.008235112763941288,0,-0.0251938346773386,0.9655091166496277,-0.2591475546360016,0,0.0017638870049268007,0.25927242636680603,0.9658028483390808,0,0,0.4125089943408966,0,1,0.9982110261917114,-0.055976010859012604,0.021028243005275726,0,-0.010138016194105148,0.1881471425294876,0.9820890426635742,0,-0.05892975628376007,-0.9805440306663513,0.18724283576011658,0,0,0.2984890043735504,0,1,0.9753919243812561,0.000983130419626832,-0.22047534584999084,0,0.09187113493680954,0.9072269201278687,0.4104871153831482,0,0.2004246562719345,-0.4206409454345703,0.8848111033439636,0,0,0.13463999330997467,0,1,-0.9667010307312012,0.02485007420182228,-0.2546987533569336,0,-0.05863892659544945,-0.9903029799461365,0.12594173848628998,0,-0.2490992397069931,0.13668325543403625,0.9587838649749756,0,-0.0836929976940155,-0.06992299854755402,0.02131599932909012,1,0.9997509717941284,-0.02130894735455513,0.00659139035269618,0,0.022298051044344902,0.962226927280426,-0.2713322043418884,0,-0.00056060979841277,0.2714117467403412,0.9624630808830261,0,0,0.41289299726486206,0,1,0.9796620607376099,-0.014135848730802536,0.20015481114387512,0,-0.1897398680448532,0.2592327892780304,0.9469941258430481,0,-0.0652732104063034,-0.9657108783721924,0.25127822160720825,0,0,0.297995001077652,0,1,0.9842319488525391,-0.0014028247678652406,0.1768743097782135,0,-0.0752568319439888,0.9016240239143372,0.4259239137172699,0,-0.1600717008113861,-0.4325190782546997,0.8873019814491272,0,0,0.12860700488090515,0,1
K0.133,0.9999079704284668,-0.01358175091445446,-0.00011384816752979532,0,0.013581263832747936,0.999701976776123,0.020296121016144753,0,-0.0001618425449123606,-0.02029578946530819,0.9997940063476562,0,-0.06869799643754959,0.8330270051956177,0.03878200799226761,1,0.9999730587005615,0.006545073352754116,-0.00339572224766016,0,-0.0065669226460158825,0.9999580383300781,-0.006462936755269766,0,0.0033532760571688414,0.006485055200755596,0.9999729990959167,0,0,0.12578000128269196,-0.0007409999961964786,1,0.9999390244483948,0.008744163438677788,-0.006684666033834219,0,-0.008752824738621712,0.9999610185623169,-0.0012667749542742968,0,0.006673331372439861,0.0013252079952508211,0.9999769926071167,0,0,0.14674599468708038,0,1,0.9999390244483948,0.008744163438677788,-0.006684666033834219,0,-0.008752824738621712,0.9999610185623169,-0.0012667749542742968,0,0.006673331372439861,0.0013252079952508211,0.9999769926071167,0,0,0.16770899295806885,0,1,0.9976969361305237,-0.03755877912044525,-0.05648738518357277,0,0.049702201038599014,0.9714630246162415,0.23192381858825684,0,0.046164609491825104,-0.23419712483882904,0.9710919260978699,0,0,0.1886730045080185,0,1,0.9937169551849365,0.06987783312797546,0.08742799609899521,0,-0.05240920931100845,0.9807359576225281,-0.1881752461194992,0,-0.09889303892850876,0.18241086602210999,0.9782360196113586,0,0,0.03237299993634224,0.00318100000731647,1,0.011700373142957687,0.04164442792534828,-0.9990640878677368,0,0.9929410219192505,-0.11842099577188492,0.006692469585686922,0,-0.11803146451711655,-0.9920900464057922,-0.04273603484034538,0,0.05469699949026108,0.16863399744033813,-0.00011100000119768083,1,0.7585020661354065,0.5807508230209351,-0.2956389784812927,0,-0.010881978087127209,0.4648880064487457,0.8853030204772949,0,0.6515796780586243,-0.6682871580123901,0.3589383065700531,0,0,0.11607299745082855,0,1,0.8937908411026001,0.44105228781700134,0.08130994439125061,0,-0.44025662541389465,0.8974211812019348,-0.028438322246074677,0,-0.08551204949617386,-0.010379327461123466,0.9962829947471619,0,0,0.3219729959964752,0,1,0.9821580648422241,0.06847808510065079,0.17514511942863464,0,-0.0374184250831604,0.9838839173316956,-0.17484743893146515,0,-0.18429571390151978,0.1651741862297058,0.968891978263855,0,0,0.21225200593471527,0,1,0.9838899970054626,-0.15613430738449097,0.08708217740058899,0,0.11335475742816925,0.9214978218078613,0.37147459387779236,0,-0.13824579119682312,-0.3556184768676758,0.9243499040603638,0,0,0.0745759978890419,0,1,0.9902719259262085,-0.11747606843709946,-0.07456738501787186,0,0.13911792635917664,0.8462100028991699,0.5143690705299377,0,0.002673611743375659,-0.5197389125823975,0.8543211221694946,0,0,0.026753999292850494,0,1,0.8648789525032043,-0.49796706438064575,0.06335511803627014,0,0.5019789338111877,0.8575740456581116,-0.11218377202749252,0,0.0015321164391934872,0.128828227519989,0.9916659593582153,0,-0.00597199983894825,0.04278400167822838,-0.0012309999438002706,1,0.0916256383061409,-0.07244112342596054,0.9931548833847046,0,-0.9907310009002686,-0.10706957429647446,0.08359231054782867,0,0.10028118640184402,-0.9916089177131653,-0.0815800130367279,0,-0.05469699949026108,0.16863399744033813,-0.0001250000059371814,1,0.7676011919975281,-0.5648269057273865,0.30291783809661865,0,0.02586713247001171,0.4995400607585907,0.8659049272537231,0,-0.6404060125350952,-0.6568340063095093,0.3980579674243927,0,0,0.11607299745082855,0,1,0.8772880434989929,-0.4462709128856659,-0.176655113697052,0,0.4367130696773529,0.894891083240509,-0.09193452447652817,0,0.19911488890647888,0.003505466738715768,0.9799699783325195,0,0,0.32196199893951416,0,1,0.9960419535636902,0.08887827396392822,0.0002560232824180275,0,-0.08878541737794876,0.9951250553131104,-0.042925916612148285,0,-0.004069958347827196,0.04273330420255661,0.9990779757499695,0,0,0.2123900055885315,0,1,0.980525016784668,0.023513125255703926,-0.1949799805879593,0,0.05008818581700325,0.930034875869751,0.36404120922088623,0,0.18989799916744232,-0.3667178452014923,0.9107450842857361,0,0,0.07238499820232391,0,1,0.9996119737625122,-0.027699336409568787,-0.0029083658009767532,0,0.027849668636918068,0.9953100085258484,0.09264091402292252,0,0.00032863375963643193,-0.09268594533205032,0.9956949949264526,0,0,0.0345430001616478,0,1,0.8340969681739807,0.4922301173210144,0.2489808350801468,0,-0.5456288456916809,0.66988605260849,0.503529965877533,0,0.08106383681297302,-0.5558439493179321,0.8273249268531799,0,-0.0013070000568404794,0.036313001066446304,0.007182000204920769,1,-0.9903359413146973,-0.07970893383026123,-0.11349468678236008,0,0.0717850923538208,-0.994797945022583,0.07227586209774017,0,-0.11866528540849686,0.06343013793230057,0.9909059405326843,0,0.0836929976940155,-0.06992299854755402,0.016248000785708427,1,0.9996920228004456,0.023366987705230713,-0.008338076993823051,0,-0.024754002690315247,0.9619969129562378,-0.2719342112541199,0,0.0016669235192239285,0.27205708622932434,0.9622799158096313,0,0,0.4125089943408966,0,1,0.9982490539550781,-0.05589388310909271,0.019369572401046753,0,-0.009050869382917881,0.1792677789926529,0.9837590456008911,0,-0.05845840275287628,-0.9822109937667847,0.17844785749912262,0,0,0.2984890043735504,0,1,0.9755759239196777,0.0005481355474330485,-0.21966023743152618,0,0.09195215255022049,0.9071448445320129,0.4106503129005432,0,0.19948872923851013,-0.4208187162876129,0.8849381804466248,0,0,0.13463999330997467,0,1,-0.9659138321876526,0.02501293085515499,-0.25765228271484375,0,-0.05904507637023926,-0.9903718829154968,0.12520888447761536,0,-0.2520397901535034,0.13615411520004272,0.9580910801887512,0,-0.0836929976940155,-0.06992299854755402,0.02131599932909012,1,0.9997610449790955,-0.020820235833525658,0.006716092582792044,0,0.0218687504529953,0.9593890309333801,-0.28123781085014343,0,-0.0005879074451513588,0.28131741285324097,0.9596148729324341,0,0,0.41289299726486206,0,1,0.979219913482666,-0.016100844368338585,0.2021600902080536,0,-0.19166883826255798,0.25224271416664124,0.9484921097755432,0,-0.06626491248607635,-0.9675299525260925,0.24391502141952515,0,0,0.297995001077652,0,1,0.9842299818992615,-0.0012726255226880312,0.17688801884651184,0,-0.07540062069892883,0.9015640616416931,0.4260260760784149,0,-0.1600179821252823,-0.43264490365982056,0.8872500061988831,0,0,0.12860700488090515,0,1
